1.792191794083919376e+00
1.955255914072040468e+00
1.366594440914923325e+00
2.587368097156286240e-01
-9.469592934765387326e-01
-1.793588204454863444e+00
-1.956978452682960778e+00
-1.368643107765819877e+00
-2.611116048065014184e-01
9.442583701456896961e-01
1.792191794083919376e+00
1.954929785832064226e+00
1.366268312674947083e+00
2.580845532356761396e-01
-9.466331652365624905e-01
-1.793588204454863444e+00
-1.957304580922937021e+00
-1.367664723045891151e+00
-2.624161177664063871e-01
9.452367548656184226e-01
1.792844050563871861e+00
1.954603657592087984e+00
1.366594440914923325e+00
2.593890661955811083e-01
-9.472854217165149748e-01
-1.793262076214887202e+00
-1.956000067963032052e+00
-1.368969236005796120e+00
-2.617638612864539027e-01
9.449106266256421804e-01
1.792517922323895618e+00
1.953951401112135500e+00
1.366594440914923325e+00
2.577584249956998974e-01
-9.469592934765387326e-01
-1.793588204454863444e+00
-1.956326196203008294e+00
-1.367990851285867393e+00
-2.617638612864539027e-01
9.452367548656184226e-01
1.791865665843943134e+00
1.954603657592087984e+00
1.365289927955018356e+00
2.580845532356761396e-01
-9.472854217165149748e-01
-1.792935947974910960e+00
-1.956326196203008294e+00
-1.368316979525843635e+00
-2.617638612864539027e-01
9.452367548656184226e-01
1.792191794083919376e+00
1.954929785832064226e+00
1.365942184434970841e+00
2.580845532356761396e-01
-9.472854217165149748e-01
-1.793262076214887202e+00
-1.956326196203008294e+00
-1.368969236005796120e+00
-2.607854765665251762e-01
9.445844983856659383e-01
1.792517922323895618e+00
1.954603657592087984e+00
1.366268312674947083e+00
2.580845532356761396e-01
-9.472854217165149748e-01
-1.793914332694839686e+00
-1.956000067963032052e+00
-1.367990851285867393e+00
-2.614377330464776605e-01
9.455628831055946648e-01
1.792191794083919376e+00
1.954603657592087984e+00
1.366594440914923325e+00
2.587368097156286240e-01
-9.479376781964674592e-01
-1.793262076214887202e+00
-1.956326196203008294e+00
-1.368643107765819877e+00
-2.614377330464776605e-01
9.455628831055946648e-01
1.792844050563871861e+00
1.954603657592087984e+00
1.365942184434970841e+00
2.577584249956998974e-01
-9.472854217165149748e-01
-1.794240460934815928e+00
-1.955673939723055810e+00
-1.367990851285867393e+00
-2.594809636066202074e-01
9.452367548656184226e-01
1.792191794083919376e+00
1.954603657592087984e+00
1.366268312674947083e+00
2.574322967557236552e-01
-9.472854217165149748e-01
-1.793588204454863444e+00
-1.956000067963032052e+00
-1.368316979525843635e+00
-2.614377330464776605e-01
9.452367548656184226e-01
1.792191794083919376e+00
1.954277529352111742e+00
1.365616056194994599e+00
2.574322967557236552e-01
-9.479376781964674592e-01
-1.793588204454863444e+00
-1.956326196203008294e+00
-1.367990851285867393e+00
-2.607854765665251762e-01
9.462151395855471492e-01
1.792844050563871861e+00
1.954277529352111742e+00
1.365942184434970841e+00
2.574322967557236552e-01
-9.476115499564912170e-01
-1.793262076214887202e+00
-1.956326196203008294e+00
-1.368643107765819877e+00
-2.604593483265489340e-01
9.458890113455709070e-01
1.792844050563871861e+00
1.954929785832064226e+00
1.365942184434970841e+00
2.574322967557236552e-01
-9.472854217165149748e-01
-1.794566589174792171e+00
-1.956000067963032052e+00
-1.368316979525843635e+00
-2.607854765665251762e-01
9.449106266256421804e-01
1.792844050563871861e+00
1.954929785832064226e+00
1.366268312674947083e+00
2.577584249956998974e-01
-9.476115499564912170e-01
-1.793914332694839686e+00
-1.956326196203008294e+00
-1.367990851285867393e+00
-2.604593483265489340e-01
9.455628831055946648e-01
1.793170178803848103e+00
1.954929785832064226e+00
1.366268312674947083e+00
2.577584249956998974e-01
-9.476115499564912170e-01
-1.792935947974910960e+00
-1.955673939723055810e+00
-1.366686338325962424e+00
-2.611116048065014184e-01
9.458890113455709070e-01
1.792844050563871861e+00
1.954603657592087984e+00
1.365289927955018356e+00
2.577584249956998974e-01
-9.476115499564912170e-01
-1.793588204454863444e+00
-1.955673939723055810e+00
-1.367664723045891151e+00
-2.604593483265489340e-01
9.455628831055946648e-01
1.792844050563871861e+00
1.954277529352111742e+00
1.365289927955018356e+00
2.571061685157474130e-01
-9.472854217165149748e-01
-1.793262076214887202e+00
-1.956326196203008294e+00
-1.367990851285867393e+00
-2.604593483265489340e-01
9.462151395855471492e-01
1.792844050563871861e+00
1.954603657592087984e+00
1.365616056194994599e+00
2.577584249956998974e-01
-9.476115499564912170e-01
-1.793262076214887202e+00
-1.956000067963032052e+00
-1.367338594805914909e+00
-2.604593483265489340e-01
9.452367548656184226e-01
1.792517922323895618e+00
1.954277529352111742e+00
1.366268312674947083e+00
2.574322967557236552e-01
-9.476115499564912170e-01
-1.793262076214887202e+00
-1.956978452682960778e+00
-1.368643107765819877e+00
-2.614377330464776605e-01
9.452367548656184226e-01
1.792517922323895618e+00
1.955255914072040468e+00
1.365616056194994599e+00
2.577584249956998974e-01
-9.482638064364437014e-01
-1.793914332694839686e+00
-1.956000067963032052e+00
-1.367012466565938666e+00
-2.607854765665251762e-01
9.458890113455709070e-01
